0
1
1
1
1
3
3
5
7
9
9
11
13
15
15
19
19
19
23
23
23
27
29
31
31
31
35
35
37
37
39
41
41
45
45
45
47
47
51
51
51
53
55
55
57
59
59
59
61
63
65
67
65
69
69
71
71
71
73
75
77
77
79
79
79
81
81
83
85
85
85
87
89
89
91
91
93
93
95
95
95
97
97
99
99
101
103
103
103
105
107
105
107
109
109
111
111
111
113
113
115
115
117
117
117
117
119
121
119
123
121
123
125
125
127
127
127
127
127
129
131
131
131
133
131
135
133
137
135
137
137
139
137
139
141
141
143
143
143
143
143
143
143
145
145
147
149
147
149
151
151
151
151
153
153
153
155
155
155
157
155
157
157
159
157
159
159
161
161
161
163
163
163
165
165
165
165
167
165
167
167
167
169
169
169
169
169
171
171
171
171
173
173
175
173
173
175
175
177
177
175
175
177
177
177
179
179
179
181
181
181
181
181
183
181
183
183
183
183
183
183
187
185
185
187
185
187
187
187
189
189
187
189
189
191
191
189
191
193
193
191
193
191
195
195
193
195
193
195
195
195
197
195
197
197
197
197
197
199
199
199
199
201
201
199
199
201
199
201
203
201
203
203
203
203
203
205
203
203
205
205
203
203
205
207
207
205
207
207
207
207
207
207
207
209
207
207
209
209
211
209
209
211
211
209
211
211
211
211
213
213
211
211
213
215
213
213
215
215
215
213
215
215
215
215
215
215
215
217
215
215
217
217
217
217
217
219
217
219
217
217
219
217
219
219
219
219
219
219
219
217
217
217
213
213
213
213
211
209
209
207
207
205
205
203
203
203
203
201
201
199
199
197
197
195
195
195
193
193
189
191
189
189
187
187
185
187
185
185
183
181
181
181
179
181
179
179
177
177
177
175
175
173
173
173
171
171
169
167
169
169
167
167
165
165
165
163
163
161
161
161
159
159
159
157
157
157
155
155
157
155
155
155
153
153
151
151
151
149
149
151
149
147
149
147
145
147
145
145
145
143
145
143
143
141
143
141
141
139
139
139
139
139
137
137
137
137
137
135
135
133
133
133
133
131
133
131
131
131
131
129
129
129
127
127
129
127
125
127
127
125
125
123
125
125
123
123
123
123
121
123
123
121
121
121
121
119
119
117
117
117
119
117
117
117
117
115
115
115
115
115
115
115
111
113
111
111
113
113
111
111
111
111
109
109
111
109
109
107
109
109
107
107
107
105
107
107
107
107
105
105
105
103
105
105
103
105
105
103
103
103
103
101
103
101
101
101
101
101
101
99
101
99
99
97
99
99
99
99
97
97
99
97
97
97
95
97
95
95
95
95
97
93
95
93
95
95
93
95
93
93
93
93
93
91
91
93
93
91
91
91
91
91
91
89
89
89
89
89
89
89
89
89
89
89
87
89
87
89
89
87
87
89
87
87
87
87
87
87
85
85
85
87
85
85
85
85
85
85
85
83
85
83
83
83
83
83
83
85
83
83
81
83
83
81
83
81
81
81
81
81
83
81
81
81
81
81
81
81
81
79
79
79
79
79
81
79
79
79
79
77
79
79
79
77
79
77
79
77
77
77
77
77
77
77
75